2001 0.391609 0.505501
2002 0.576589 0.505316
2003 0.596988 0.504939
2004 0.824225 0.505533
2005 0.701127 0.506195
2006 0.857771 0.506469
2007 0.832828 0.506971
2008 0.638564 0.507312
2009 0.067459 0.507067
2010 0.246884 0.506550
2011 0.838384 0.507145
2012 0.525469 0.507163
2013 0.825792 0.507358
2014 0.051808 0.506906
2015 0.254502 0.506227
2016 0.608373 0.505910
2017 0.447734 0.506030
2018 0.300564 0.506011
2019 0.053480 0.505068
2020 0.317472 0.504518
2021 0.126441 0.504474
2022 0.532206 0.504314
2023 0.897043 0.504403
2024 0.391563 0.503855
2025 0.644160 0.504493
2026 0.412450 0.504294
2027 0.477836 0.504556
2028 0.929237 0.505315
2029 0.003928 0.504828
2030 0.835050 0.505437
2031 0.701537 0.505753
2032 0.144386 0.505382
2033 0.805641 0.505526
2034 0.260575 0.505353
2035 0.089092 0.505352
2036 0.963579 0.505318
2037 0.537415 0.505539
2038 0.882684 0.505988
2039 0.494901 0.506376
2040 0.693375 0.506904
2041 0.298617 0.506975
2042 0.356509 0.506705
2043 0.816356 0.506575
2044 0.728609 0.506634
2045 0.893958 0.507011
2046 0.870629 0.507001
2047 0.849010 0.507191
2048 0.329236 0.506882
2049 0.708393 0.507166
2050 0.682007 0.507632
2051 0.091640 0.507038
2052 0.566201 0.506737
2053 0.446877 0.506406
2054 0.287057 0.506693
2055 0.120509 0.505850
2056 0.845952 0.506205
2057 0.329637 0.505871
2058 0.153741 0.505684
2059 0.829992 0.506193
2060 0.746537 0.506748
2061 0.582167 0.506895
2062 0.898616 0.507042
2063 0.495602 0.506967
2064 0.370963 0.506965
2065 0.811566 0.506980
2066 0.819825 0.506813
2067 0.086692 0.506130
2068 0.693986 0.506575
2069 0.317625 0.506882
2070 0.957545 0.506874
2071 0.739259 0.507239
2072 0.320418 0.506952
2073 0.766596 0.507216
2074 0.101318 0.506524
2075 0.203915 0.506380
2076 0.614991 0.506932
2077 0.717647 0.506850
2078 0.510604 0.507237
2079 0.137922 0.506379
2080 0.437677 0.506680
2081 0.454362 0.506169
2082 0.515201 0.506421
2083 0.246266 0.506220
2084 0.615633 0.506135
2085 0.739647 0.505954
2086 0.404949 0.506208
2087 0.884544 0.506097
2088 0.839101 0.506805
2089 0.065080 0.506602
2090 0.975960 0.506943
2091 0.298075 0.506704
2092 0.573524 0.506987
2093 0.219200 0.506731
2094 0.193599 0.506844
2095 0.479575 0.506401
2096 0.916645 0.507253
2097 0.228613 0.507284
2098 0.828625 0.507991
2099 0.238744 0.507729
2100 0.417296 0.508014
2101 0.600399 0.508047
2102 0.972091 0.508326
2103 0.596876 0.508701
2104 0.763744 0.508785
2105 0.077951 0.508605
2106 0.174987 0.508341
2107 0.717072 0.508497
2108 0.868120 0.508613
2109 0.140434 0.507801
2110 0.422775 0.508133
2111 0.319054 0.507639
2112 0.720336 0.507688
2113 0.498153 0.507650
2114 0.588547 0.507502
2115 0.284203 0.507353
2116 0.854756 0.507888
2117 0.622975 0.507551
2118 0.105240 0.507607
2119 0.417624 0.507760
2120 0.605028 0.507695
2121 0.776012 0.507966
2122 0.377476 0.507455
2123 0.162210 0.507188
2124 0.761966 0.506971
2125 0.403270 0.506577
2126 0.644631 0.507099
2127 0.393713 0.506672
2128 0.756149 0.507317
2129 0.419022 0.506766
2130 0.994767 0.507562
2131 0.343778 0.507850
2132 0.591334 0.508243
2133 0.386855 0.508163
2134 0.303981 0.508190
2135 0.770082 0.508492
2136 0.474973 0.508271
2137 0.263252 0.507817
2138 0.770631 0.508228
2139 0.804325 0.508861
2140 0.217153 0.508515
2141 0.222476 0.507851
2142 0.871951 0.508160
2143 0.860277 0.508462
2144 0.047597 0.508033
2145 0.314519 0.507434
2146 0.041922 0.507437
2147 0.344341 0.507037
2148 0.209701 0.506896
2149 0.143937 0.506970
2150 0.481906 0.506520
2151 0.304700 0.506463
2152 0.571970 0.506346
2153 0.578302 0.506804
2154 0.908668 0.507263
2155 0.083301 0.506607
2156 0.120924 0.506215
2157 0.404932 0.506262
2158 0.195147 0.505835
2159 0.200515 0.505977
2160 0.510844 0.506453
2161 0.842222 0.506393
2162 0.073349 0.505573
2163 0.149811 0.505611
2164 0.709468 0.505865
2165 0.767659 0.505756
2166 0.477745 0.505334
2167 0.887424 0.505694
2168 0.049379 0.505679
2169 0.185078 0.505401
2170 0.548384 0.505637
2171 0.476298 0.505281
2172 0.487925 0.505223
2173 0.049333 0.504942
2174 0.462445 0.504535
2175 0.978795 0.505198
2176 0.725629 0.504991
2177 0.498289 0.504641
2178 0.228780 0.504520
2179 0.327710 0.503914
2180 0.118052 0.503987
2181 0.710128 0.504133
2182 0.456280 0.503859
2183 0.791122 0.503662
2184 0.108500 0.503201
2185 0.841552 0.503307
2186 0.763436 0.503786
2187 0.564769 0.504233
2188 0.999723 0.504471
2189 0.611078 0.504135
2190 0.696840 0.504093
2191 0.192784 0.503623
2192 0.045568 0.502705
2193 0.221504 0.502103
2194 0.796954 0.502852
2195 0.530291 0.502964
2196 0.825051 0.503714
2197 0.143892 0.503657
2198 0.288022 0.503513
2199 0.356448 0.503275
2200 0.458670 0.502974
2201 0.567026 0.503490
2202 0.674294 0.504041
2203 0.275424 0.504157
2204 0.959094 0.504591
2205 0.666268 0.505091
2206 0.940904 0.505520
2207 0.982682 0.506467
2208 0.852603 0.507056
2209 0.011494 0.507013
2210 0.030494 0.506721
2211 0.334407 0.506707
2212 0.797046 0.507024
2213 0.806019 0.507150
2214 0.649825 0.507080
2215 0.007048 0.506113
2216 0.508900 0.506165
2217 0.176614 0.505478
2218 0.178628 0.505516
2219 0.974208 0.505948
2220 0.190391 0.505263
2221 0.206621 0.504746
2222 0.801820 0.505513
2223 0.502330 0.505302
2224 0.310241 0.504723
2225 0.889761 0.505449
2226 0.987115 0.506413
2227 0.106390 0.505989
2228 0.556817 0.505667
2229 0.691966 0.505895
2230 0.489907 0.505481
2231 0.365357 0.504994
2232 0.509575 0.505179
2233 0.092155 0.504648
2234 0.888020 0.505015
2235 0.381893 0.505120
2236 0.409823 0.505430
2237 0.275085 0.505423
2238 0.816251 0.505513
2239 0.396016 0.505743
2240 0.140562 0.504977
2241 0.720544 0.505237
2242 0.656955 0.505529
2243 0.113583 0.504707
2244 0.422048 0.504574
2245 0.005344 0.503587
2246 0.652975 0.503440
2247 0.993268 0.503818
2248 0.611887 0.504130
2249 0.737720 0.504513
2250 0.498032 0.504995
2251 0.927661 0.505563
2252 0.004033 0.505383
2253 0.240920 0.505245
2254 0.673587 0.505448
2255 0.461644 0.505511
2256 0.554616 0.505976
2257 0.928456 0.506857
2258 0.090603 0.506378
2259 0.157518 0.506290
2260 0.962466 0.507071
2261 0.116997 0.506244
2262 0.581593 0.506809
2263 0.658925 0.507137
2264 0.527160 0.507456
2265 0.823255 0.507283
2266 0.032458 0.506927
2267 0.917077 0.507251
2268 0.640459 0.507398
2269 0.285033 0.507497
2270 0.365153 0.507387
2271 0.370559 0.507361
2272 0.256707 0.506899
2273 0.781840 0.507364
2274 0.206424 0.506809
2275 0.168688 0.506371
2276 0.072055 0.505501
2277 0.188550 0.505354
2278 0.372980 0.505712
2279 0.356956 0.505388
2280 0.281040 0.505571
2281 0.979556 0.506125
2282 0.647837 0.506251
2283 0.916775 0.506691
2284 0.849372 0.506804
2285 0.963776 0.507768
2286 0.509552 0.507620
2287 0.136004 0.507215
2288 0.751755 0.507912
2289 0.221807 0.507630
2290 0.306209 0.507136
2291 0.074329 0.506541
2292 0.446032 0.506664
2293 0.207288 0.506207
2294 0.787065 0.506787
2295 0.443619 0.507086
2296 0.187485 0.506628
2297 0.825058 0.507103
2298 0.670051 0.507183
2299 0.636015 0.507352
2300 0.438876 0.507360
2301 0.685185 0.507725
2302 0.895024 0.508565
2303 0.401007 0.508576
2304 0.839327 0.508609
2305 0.664775 0.508278
2306 0.003963 0.507439
2307 0.750280 0.507990
2308 0.972240 0.508540
2309 0.150700 0.508667
2310 0.990181 0.509581
2311 0.233148 0.509210
2312 0.625925 0.509191
2313 0.556564 0.508984
2314 0.418104 0.508807
2315 0.346310 0.508251
2316 0.494475 0.507865
2317 0.850410 0.508166
2318 0.734801 0.508395
2319 0.769042 0.508921
2320 0.348009 0.509040
2321 0.865596 0.509428
2322 0.810013 0.509251
2323 0.393075 0.509434
2324 0.534023 0.509202
2325 0.787283 0.509369
2326 0.655821 0.509681
2327 0.901108 0.510520
2328 0.615608 0.511110
2329 0.521755 0.510870
2330 0.846669 0.511079
2331 0.499711 0.511568
2332 0.414511 0.511100
2333 0.121262 0.510565
2334 0.918534 0.510775
2335 0.186373 0.510595
2336 0.601313 0.511127
2337 0.071182 0.510598
2338 0.620895 0.510283
2339 0.561105 0.510199
2340 0.885046 0.510734
2341 0.627924 0.510383
2342 0.794651 0.510409
2343 0.798200 0.510778
2344 0.525898 0.511281
2345 0.463862 0.510978
2346 0.722100 0.511087
2347 0.177371 0.510903
2348 0.544976 0.510998
2349 0.263115 0.510696
2350 0.008934 0.510596
2351 0.467363 0.510902
2352 0.157503 0.510561
2353 0.237222 0.510610
2354 0.844768 0.511405
2355 0.320022 0.511114
2356 0.813920 0.511593
2357 0.373746 0.511248
2358 0.573544 0.511333
2359 0.503063 0.511310
2360 0.570709 0.511403
2361 0.804456 0.511573
2362 0.897974 0.511590
2363 0.428886 0.511110
2364 0.750666 0.510942
2365 0.532552 0.510628
2366 0.810722 0.510486
2367 0.310026 0.510324
2368 0.408371 0.510507
2369 0.849337 0.511032
2370 0.270788 0.510780
2371 0.872509 0.510670
2372 0.522856 0.510953
2373 0.413230 0.510718
2374 0.648356 0.510711
2375 0.002401 0.510133
2376 0.264188 0.509555
2377 0.988017 0.510049
2378 0.272395 0.509780
2379 0.007089 0.509161
2380 0.130444 0.508525
2381 0.212506 0.507912
2382 0.692778 0.508430
2383 0.986040 0.509094
2384 0.748657 0.509524
2385 0.601314 0.509307
2386 0.930034 0.509671
2387 0.849458 0.509926
2388 0.648066 0.509630
2389 0.462205 0.509920
2390 0.674313 0.510482
2391 0.295259 0.510095
2392 0.808433 0.509980
2393 0.008320 0.509716
2394 0.987993 0.510030
2395 0.623991 0.510018
2396 0.924608 0.510737
2397 0.191266 0.510633
2398 0.394086 0.510217
2399 0.421127 0.510289
2400 0.305462 0.510433
2401 0.240433 0.509966
2402 0.429376 0.510057
2403 0.321125 0.509591
2404 0.279950 0.509465
2405 0.203212 0.508811
2406 0.355156 0.508609
2407 0.787788 0.508958
2408 0.202198 0.508801
2409 0.115617 0.508536
2410 0.912890 0.508556
2411 0.519806 0.508913
2412 0.212070 0.508779
2413 0.004267 0.508170
2414 0.509199 0.508175
2415 0.742416 0.508627
2416 0.856903 0.508940
2417 0.784629 0.509680
2418 0.540634 0.509881
2419 0.038053 0.509820
2420 0.021219 0.509394
2421 0.170198 0.509066
2422 0.739794 0.509570
2423 0.558273 0.509749
2424 0.123370 0.509838
2425 0.217334 0.509465
2426 0.364948 0.509707
2427 0.000983 0.509544
2428 0.620123 0.509187
2429 0.224573 0.509045
2430 0.878324 0.509460
2431 0.362184 0.509244
2432 0.769684 0.509232
2433 0.582643 0.509641
2434 0.030624 0.508772
2435 0.138438 0.508130
2436 0.830461 0.508722
2437 0.968550 0.509461
2438 0.354736 0.509752
2439 0.555965 0.510163
2440 0.011958 0.510052
2441 0.439059 0.510335
2442 0.342623 0.510437
2443 0.475514 0.510189
2444 0.664801 0.510425
2445 0.458140 0.510215
2446 0.767451 0.510504
2447 0.463220 0.510591
2448 0.897504 0.510911
2449 0.752460 0.510762
2450 0.145859 0.509915
2451 0.036095 0.509746
2452 0.362257 0.509321
2453 0.990434 0.509335
2454 0.642047 0.509665
2455 0.463085 0.509788
2456 0.578993 0.509947
2457 0.128443 0.509836
2458 0.995788 0.510431
2459 0.436967 0.510746
2460 0.277164 0.510789
2461 0.812280 0.511455
2462 0.933350 0.511580
2463 0.452879 0.511384
2464 0.285808 0.510999
2465 0.224598 0.510892
2466 0.104220 0.510309
2467 0.299952 0.509842
2468 0.187053 0.509587
2469 0.472275 0.509665
2470 0.845884 0.509611
2471 0.113672 0.509526
2472 0.412861 0.509587
2473 0.143659 0.509559
2474 0.254695 0.509740
2475 0.273169 0.509157
2476 0.760999 0.509843
2477 0.413827 0.510227
2478 0.563449 0.510199
2479 0.508333 0.510105
2480 0.444828 0.510355
1481 0.593295 0.504277
1482 0.274762 0.503999
1483 0.819600 0.504753
1484 0.809820 0.505482
1485 0.985492 0.505560
1486 0.823835 0.505830
1487 0.841743 0.505841
1488 0.434455 0.505450
1489 0.883528 0.505999
1490 0.781654 0.506577
1491 0.765806 0.507134
1492 0.203871 0.506399
1493 0.394048 0.506421
1494 0.487319 0.506676
1495 0.925298 0.506838
1496 0.578132 0.506657
1497 0.435186 0.507043
1498 0.542330 0.507517
1499 0.112159 0.507564
1500 0.886009 0.508170
1501 0.534923 0.508161
1502 0.409778 0.507786
1503 0.276490 0.507146
1504 0.284436 0.506754
1505 0.480922 0.506768
1506 0.005552 0.506340
1507 0.350155 0.506036
1508 0.962558 0.506821
1509 0.538171 0.506640
1510 0.502703 0.506449
1511 0.510522 0.506374
1512 0.452950 0.506043
1513 0.318841 0.505966
1514 0.102955 0.505527
1515 0.460157 0.505774
1516 0.834483 0.505758
1517 0.914094 0.505776
1518 0.471150 0.505409
1519 0.337358 0.504776
1520 0.855212 0.505233
1521 0.356528 0.505396
1522 0.894287 0.506177
1523 0.323138 0.505767
1524 0.473332 0.506131
1525 0.246721 0.505555
1526 0.252689 0.504934
1527 0.332441 0.504474
1528 0.761139 0.504300
1529 0.775757 0.504355
1530 0.157346 0.503989
1531 0.367743 0.503609
1532 0.501038 0.504013
1533 0.464719 0.503490
1534 0.656222 0.503706
1535 0.387966 0.503421
1536 0.826554 0.503818
1537 0.788088 0.503963
1538 0.580507 0.503923
1539 0.391310 0.503512
1540 0.533596 0.503692
1541 0.800255 0.504157
1542 0.810204 0.504923
1543 0.014001 0.504751
1544 0.518925 0.504908
1545 0.810076 0.504760
1546 0.912261 0.505083
1547 0.858240 0.505758
1548 0.188014 0.505475
1549 0.184493 0.504689
1550 0.129160 0.503910
1551 0.771676 0.503860
1552 0.231501 0.503826
1553 0.198865 0.503248
1554 0.679619 0.502973
1555 0.138415 0.503052
1556 0.370649 0.502934
1557 0.032498 0.502597
1558 0.625256 0.502327
1559 0.281459 0.502264
1560 0.849614 0.502909
1561 0.569867 0.502849
1562 0.807602 0.503425
1563 0.426286 0.503197
1564 0.561185 0.503385
1565 0.103401 0.503150
1566 0.401159 0.502776
1567 0.426885 0.502466
1568 0.284947 0.502444
1569 0.066691 0.502241
1570 0.523225 0.502643
1571 0.648171 0.503060
1572 0.248471 0.503160
1573 0.962372 0.503313
1574 0.849696 0.503716
1575 0.850905 0.504110
1576 0.680150 0.504754
1577 0.009905 0.504438
1578 0.793177 0.504622
1579 0.188302 0.504070
1580 0.340091 0.503525
1581 0.017846 0.503301
1582 0.824160 0.504089
1583 0.307019 0.503775
1584 0.766208 0.504025
1585 0.426036 0.503841
1586 0.885021 0.504269
1587 0.405562 0.504114
1588 0.173818 0.503300
1589 0.058086 0.502914
1590 0.664227 0.503158
1591 0.855344 0.503461
1592 0.411287 0.503541
1593 0.459714 0.503954
1594 0.510949 0.503781
1595 0.282557 0.503378
1596 0.966180 0.503433
1597 0.086665 0.503249
1598 0.699050 0.503083
1599 0.606777 0.503167
1600 0.509767 0.503390
1601 0.324027 0.503212
1602 0.815598 0.503090
1603 0.329406 0.503170
1604 0.955186 0.503302
1605 0.271157 0.502652
1606 0.341719 0.502123
1607 0.914780 0.502153
1608 0.495397 0.502520
1609 0.976118 0.502929
1610 0.844632 0.503595
1611 0.074733 0.503129
1612 0.220299 0.503218
1613 0.492934 0.503523
1614 0.954824 0.504477
1615 0.537768 0.504820
1616 0.565814 0.504599
1617 0.402751 0.504044
1618 0.690340 0.504486
1619 0.853078 0.504890
1620 0.732071 0.504982
1621 0.923652 0.505075
1622 0.911589 0.505360
1623 0.614788 0.505584
1624 0.075524 0.504794
1625 0.641163 0.505131
1626 0.201765 0.504561
1627 0.605562 0.504370
1628 0.195579 0.503847
1629 0.737187 0.504320
1630 0.898705 0.504395
1631 0.711556 0.504471
1632 0.768278 0.505208
1633 0.404412 0.505109
1634 0.427237 0.505172
1635 0.314226 0.504976
1636 0.787769 0.504890
1637 0.925865 0.504860
1638 0.529847 0.505054
1639 0.478187 0.505118
1640 0.171125 0.505247
1641 0.557113 0.505668
1642 0.309839 0.505149
1643 0.043109 0.504731
1644 0.346297 0.504598
1645 0.714272 0.504999
1646 0.655745 0.504798
1647 0.465586 0.504274
1648 0.358336 0.503747
1649 0.783351 0.504168
1650 0.562383 0.503742
1651 0.344347 0.503622
1652 0.910120 0.503745
1653 0.951869 0.504695
1654 0.374471 0.504525
1655 0.830457 0.504365
1656 0.445030 0.504013
1657 0.711861 0.504181
1658 0.508544 0.504197
1659 0.429739 0.504288
1660 0.966493 0.505226
1661 0.184183 0.504996
1662 0.624365 0.505483
1663 0.871173 0.505679
1664 0.710145 0.505892
1665 0.694698 0.506386
1666 0.535689 0.506423
1667 0.689490 0.506809
1668 0.359514 0.506488
1669 0.334880 0.505832
1670 0.044944 0.505067
1671 0.412508 0.504490
1672 0.733553 0.505072
1673 0.662899 0.505711
1674 0.870441 0.506204
1675 0.060314 0.505776
1676 0.706221 0.506161
1677 0.914695 0.506411
1678 0.700652 0.506471
1679 0.513115 0.506611
1680 0.117205 0.505771
1681 0.809621 0.506300
1682 0.748462 0.506704
1683 0.159979 0.506863
1684 0.145679 0.506232
1685 0.414672 0.506149
1686 0.234732 0.505427
1687 0.606806 0.505172
1688 0.941717 0.505342
1689 0.333320 0.505002
1690 0.332511 0.504769
1691 0.452584 0.505118
1692 0.724435 0.504977
1693 0.340710 0.504519
1694 0.040707 0.503635
1695 0.536598 0.503682
1696 0.315047 0.503044
1697 0.387638 0.502785
1698 0.841756 0.502749
1699 0.533585 0.503045
1700 0.733148 0.503696
1701 0.383151 0.503461
1702 0.269417 0.503405
1703 0.664185 0.503739
1704 0.333793 0.504000
1705 0.546062 0.504344
1706 0.160664 0.503509
1707 0.707037 0.503345
1708 0.600108 0.503843
1709 0.252573 0.503478
1710 0.291028 0.503163
1711 0.774335 0.503861
1712 0.411062 0.503841
1713 0.639147 0.504243
1714 0.555236 0.504105
1715 0.841819 0.504549
1716 0.883205 0.505107
1717 0.197364 0.504653
1718 0.473962 0.504860
1719 0.957180 0.505071
1720 0.708592 0.504782
1721 0.747804 0.505282
1722 0.726215 0.505916
1723 0.987461 0.506495
1724 0.239332 0.505932
1725 0.612005 0.506250
1726 0.825629 0.506168
1727 0.008510 0.505237
1728 0.379198 0.504903
1729 0.338342 0.504718
1730 0.588228 0.504960
1731 0.571463 0.504997
1732 0.647742 0.504985
1733 0.569740 0.504893
1734 0.341866 0.504959
1735 0.490843 0.504460
1736 0.400121 0.504671
1737 0.689466 0.505212
1738 0.276965 0.505316
1739 0.354679 0.505516
1740 0.174476 0.505438
1741 0.235926 0.504923
1742 0.308918 0.504878
1743 0.436694 0.505240
1744 0.667477 0.505874
1745 0.679997 0.506104
1746 0.811444 0.506868
1747 0.436926 0.506893
1748 0.369176 0.507259
1749 0.697728 0.507234
1750 0.903525 0.508032
1751 0.481010 0.507985
1752 0.910007 0.508445
1753 0.973508 0.508849
1754 0.556144 0.509367
1755 0.016825 0.509117
1756 0.070638 0.508688
1757 0.833094 0.508680
1758 0.390589 0.508628
1759 0.708549 0.508860
1760 0.797607 0.509527
1761 0.187159 0.509325
1762 0.808763 0.509258
1763 0.410799 0.509164
1764 0.496626 0.508957
1765 0.231891 0.508390
1766 0.170627 0.508339
1767 0.611875 0.507988
1768 0.142191 0.507335
1769 0.537391 0.507557
1770 0.710416 0.508012
1771 0.234315 0.507422
1772 0.298298 0.507060
1773 0.557112 0.507341
1774 0.004344 0.507143
1775 0.058743 0.507142
1776 0.046739 0.507162
1777 0.596260 0.507066
1778 0.826082 0.507047
1779 0.491823 0.507201
1780 0.515341 0.506946
1781 0.593592 0.506616
1782 0.767156 0.506611
1783 0.925239 0.507221
1784 0.789859 0.507427
1785 0.793810 0.507481
1786 0.377651 0.507605
1787 0.730536 0.507431
1788 0.735032 0.507874
1789 0.670886 0.507887
1790 0.997583 0.508650
1791 0.899678 0.508936
1792 0.918817 0.509188
1793 0.995900 0.509624
1794 0.802868 0.509543
1795 0.302923 0.509670
1796 0.627290 0.509600
1797 0.981364 0.509856
1798 0.561293 0.510409
1799 0.193795 0.510198
1800 0.054088 0.509894
1801 0.795303 0.510365
1802 0.501057 0.510024
1803 0.741669 0.510640
1804 0.845448 0.511080
1805 0.488867 0.511116
1806 0.601004 0.511115
1807 0.160694 0.510691
1808 0.626782 0.511298
1809 0.064412 0.510919
1810 0.151636 0.510776
1811 0.996775 0.511087
1812 0.321080 0.510772
1813 0.561444 0.510587
1814 0.413870 0.510121
1815 0.991533 0.510643
1816 0.075120 0.510651
1817 0.174775 0.510183
1818 0.090768 0.509770
1819 0.483767 0.510004
1820 0.960640 0.510582
1821 0.783177 0.510423
1822 0.041413 0.510375
1823 0.240441 0.510428
1824 0.591931 0.510832
1825 0.788500 0.511558
1826 0.052174 0.511169
1827 0.689366 0.511254
1828 0.916917 0.511376
1829 0.554686 0.511220
1830 0.724170 0.511618
1831 0.834884 0.511693
1832 0.310440 0.511748
1833 0.404825 0.511317
1834 0.540808 0.511751
1835 0.948894 0.512110
1836 0.351438 0.511824
1837 0.951209 0.512339
1838 0.710904 0.512122
1839 0.125565 0.511665
1840 0.506832 0.512131
1841 0.805531 0.511957
1842 0.767464 0.512188
1843 0.854765 0.512807
1844 0.110949 0.512671
1845 0.275307 0.512574
1846 0.634127 0.512739
1847 0.150549 0.511996
1848 0.803826 0.511911
1849 0.922506 0.512154
1850 0.126227 0.511900
1851 0.749549 0.512396
1852 0.462296 0.512392
1853 0.525546 0.512699
1854 0.662186 0.512391
1855 0.958347 0.512910
1856 0.085124 0.512637
1857 0.343747 0.512944
1858 0.026566 0.512683
1859 0.644770 0.512788
1860 0.970563 0.513383
1861 0.009183 0.512735
1862 0.103646 0.512821
1863 0.267253 0.512271
1864 0.763842 0.513009
1865 0.779114 0.512813
1866 0.641277 0.513329
1867 0.714049 0.513216
1868 0.099402 0.512960
1869 0.409583 0.513321
1870 0.528362 0.513795
1871 0.498920 0.514069
1872 0.582811 0.513851
1873 0.047390 0.513090
1874 0.143685 0.512696
1875 0.756587 0.512596
1876 0.570220 0.512278
1877 0.689954 0.512118
1878 0.092121 0.511912
1879 0.046310 0.511277
1880 0.964048 0.511278
1881 0.786117 0.511993
1882 0.301606 0.511395
1883 0.687882 0.511916
1884 0.939501 0.511903
1885 0.301043 0.511432
1886 0.732577 0.511479
1887 0.364067 0.510959
1888 0.080381 0.510895
1889 0.608399 0.511293
1890 0.813499 0.512070
1891 0.239431 0.511758
1892 0.258768 0.511681
1893 0.442310 0.511328
1894 0.259485 0.511458
1895 0.462470 0.511414
1896 0.094910 0.510849
1897 0.527945 0.510989
1898 0.163093 0.510356
1899 0.815585 0.510199
1900 0.014101 0.509871
1901 0.532338 0.510138
1902 0.421452 0.510077
1903 0.178719 0.509264
1904 0.058023 0.508776
1905 0.479785 0.508473
1906 0.841480 0.508403
1907 0.353071 0.507895
1908 0.704786 0.507639
1909 0.965835 0.507831
1910 0.783691 0.508469
1911 0.919355 0.508456
1912 0.853988 0.508513
1913 0.770512 0.509239
1914 0.306972 0.509149
1915 0.302213 0.508998
1916 0.762413 0.509605
1917 0.562715 0.509983
1918 0.441664 0.509877
1919 0.419148 0.509670
1920 0.729030 0.510198
1921 0.831583 0.510313
1922 0.234013 0.510446
1923 0.289784 0.509819
1924 0.045191 0.509322
1925 0.953229 0.510136
1926 0.518636 0.509730
1927 0.890504 0.509969
1928 0.770098 0.509891
1929 0.473038 0.509509
1930 0.508656 0.509768
1931 0.750671 0.510251
1932 0.487750 0.509836
1933 0.589240 0.509528
1934 0.822507 0.509420
1935 0.802343 0.509937
1936 0.249151 0.509247
1937 0.121212 0.509269
1938 0.988687 0.510160
1939 0.121114 0.509716
1940 0.683811 0.510066
1941 0.552551 0.510000
1942 0.552384 0.510415
1943 0.793669 0.510936
1944 0.442837 0.511073
1945 0.057138 0.510744
1946 0.177248 0.510247
1947 0.927069 0.510782
1948 0.245293 0.510447
1949 0.309120 0.510527
1950 0.782590 0.510634
1951 0.234313 0.510814
1952 0.335242 0.510555
1953 0.817054 0.510746
1954 0.675980 0.510582
1955 0.537522 0.510778
1956 0.726761 0.511309
1957 0.684879 0.511814
1958 0.462218 0.512160
1959 0.795903 0.512755
1960 0.753218 0.513012
1961 0.331171 0.512503
1962 0.984322 0.513244
1963 0.241139 0.513108
1964 0.149346 0.512777
1965 0.480954 0.512334
1966 0.553974 0.512048
1967 0.224956 0.511704
1968 0.010419 0.511114
1969 0.549391 0.510788
1970 0.544876 0.510935
1971 0.383630 0.510608
1972 0.826648 0.510477
1973 0.427213 0.509917
1974 0.297283 0.509706
1975 0.784203 0.509558
1976 0.118750 0.508691
1977 0.866755 0.508899
1978 0.271150 0.508375
1979 0.300681 0.508597
1980 0.618394 0.508900
1981 0.467915 0.508748
1982 0.499970 0.509123
1983 0.794232 0.509216
1984 0.038478 0.508371
1985 0.015716 0.507575
1986 0.049565 0.506824
1987 0.227767 0.506515
1988 0.729734 0.506563
1989 0.092730 0.506431
1990 0.568225 0.506584
1991 0.684471 0.506510
1992 0.516897 0.506392
1993 0.521763 0.506156
1994 0.741506 0.506186
1995 0.035374 0.506060
1996 0.359111 0.506060
1997 0.828441 0.506325
1998 0.136264 0.505623
1999 0.495235 0.505336
2000 0.184624 0.505509
